http://hyipbanker.com,1,2024-02-19 12:27:22,9585150,0,0,,,0,25,1,1,1,0
https://24x7hyip.com,1,2024-02-19 12:09:53,5770619,1,1,,,0,3,1,1,1,0
https://a2zhyip.com,1,2024-02-19 12:09:53,20218500,0,0,,,0,4,1,1,1,0
https://activehyip.com,1,2024-02-19 12:09:53,21798028,1,1,,,0,5,1,1,1,0
https://actualhyip.com,1,2024-02-19 12:09:53,17219777,1,1,,,0,6,1,1,1,0
https://allhyip24.com,1,2024-02-19 12:09:53,912617,1,1,,,0,7,0,1,1,0
https://allhyipreview.xyz,1,2024-02-19 12:27:22,2646173,1,1,,,0,8,1,1,1,0
https://asianhyip.com,1,2024-02-19 12:27:22,7850927,1,1,,,0,9,1,1,1,0
https://bestemoneys.com,1,2024-02-19 12:27:22,492602,0,0,,,0,10,1,1,1,0
https://cfcmonitor.com,1,2024-02-19 12:27:22,3543202,0,0,,,1,11,0,1,1,0
https://czechhyipmonitor.cz,1,2024-02-19 12:27:22,2527724,0,0,,,0,13,1,1,1,0
https://eurohyips.net,1,2024-02-24 16:16:19,305713,0,0,200,1.532,1,14,0,1,1,1
https://exclusive-profit.com,1,2024-02-25 12:18:32,8589256,0,0,200,0.967,1,15,1,1,1,1
https://fairmonitor.com/?lang=fr,1,2024-02-26 05:20:54,428157,0,0,200,1.577,0,16,0,1,1,1
https://gchyipmonitor.com,1,2024-02-19 16:53:11,15523480,0,0,,,1,17,0,1,1,0
https://graspgold.com,1,2024-02-24 16:15:45,17806564,0,0,200,1.850,0,18,0,1,1,1
https://guru-invest.org,1,2024-02-19 12:27:22,7011232,0,0,,,0,19,1,1,1,0
https://hot-lister.com,1,2024-02-19 16:53:11,16810762,0,0,,,0,21,0,1,1,0
https://hothyipsmonitor.com,1,2024-02-19 12:27:22,5060057,1,1,,,0,20,1,1,1,0
https://hyip.center,1,2024-02-19 16:53:11,16700674,0,0,,,1,22,0,1,1,0
https://hyip.press,1,2024-02-19 16:53:11,21798202,0,0,,,1,23,0,1,1,0
https://hyip4.com,1,2024-02-19 16:53:11,1720859,0,0,,,1,24,0,1,1,0
https://hyipclub.club,1,2024-02-26 05:52:31,66004,0,0,200,24.663,0,26,1,1,1,1
https://hyiphelp.net,1,2024-02-19 12:27:22,3391802,1,1,,,0,27,1,1,1,0
https://hyiphotlister.com,1,2024-02-19 16:53:11,2827885,1,1,,,1,28,0,1,1,0
https://hyiphunt.com,1,2024-02-20 05:17:27,3397926,0,0,,,1,29,0,0,1,0
https://hyiphunter.biz,1,2024-02-19 12:27:22,6910959,1,1,,,0,30,1,1,1,0
https://hyiplook.com,1,2024-02-19 16:53:11,1720861,1,1,,,1,31,0,1,1,0
https://hyipmaster.org,1,2024-02-19 16:53:11,428631,0,0,,,0,32,0,1,1,0
https://hyipmax.com,1,2024-02-19 16:53:11,18447075,1,1,,,1,33,0,1,1,0
https://hyipowner.com,1,2024-02-19 12:27:22,5981429,1,1,,,0,34,1,1,1,0
https://hyipquerist.com,1,2024-02-19 12:27:22,839147,1,1,,,0,35,1,1,1,0
https://hyipregister.com,1,2024-02-19 16:53:11,10544514,1,1,,,1,36,0,1,1,0
https://hyipresearch.com,1,2024-02-19 12:27:22,5740616,1,1,,,0,37,1,1,1,0
https://hyipresult.com,1,2024-02-19 12:27:22,15509310,1,1,,,0,38,1,1,1,0
https://hyips.bz,1,2024-02-19 12:27:22,1136713,0,0,,,0,39,1,1,1,0
https://hyipsinfo.com,1,2024-02-19 12:27:22,3718138,0,0,,,0,40,1,1,1,0
https://hyipsmarts.com,1,2024-02-19 12:27:22,6679007,1,1,,,0,41,1,1,1,0
https://hyipsplanner.com,1,2024-02-19 12:27:22,21169343,1,1,,,0,42,1,1,1,0
https://hyipsreview.com,1,2024-02-19 12:27:22,7036725,1,1,,,0,43,1,1,1,0
https://hyipsupport24.com,1,2024-02-19 12:27:22,842361,1,1,,,0,44,1,1,1,0
https://hyiptank.net,1,2024-02-19 12:27:22,1483241,0,0,,,0,45,1,1,1,0
https://hyiptop.net,1,2024-02-19 12:27:22,545932,0,0,,,0,46,1,1,1,0
https://hyipupdate24.com,1,2024-02-19 12:27:22,11683958,1,1,,,0,47,1,1,1,0
https://hyipweb.com,1,2024-02-19 12:27:22,2229973,0,0,,,0,48,1,1,1,0
https://incredible-earnings.com,1,2024-02-19 12:27:22,10428448,1,1,,,0,49,1,1,1,0
https://instant-monitor.com,1,2024-02-25 16:07:15,4421090,0,0,200,0.492,1,50,0,1,1,1
https://instantmonitor.biz,1,2024-02-19 16:53:11,6874770,0,0,,,1,51,0,1,1,0
https://invdefence.com,1,2024-02-19 12:27:22,12039394,0,0,,,0,52,1,1,1,0
https://invest-analyzer.biz,1,2024-02-19 16:53:11,321705,1,1,,,1,54,0,1,1,0
https://invest-lister.com,1,2024-02-19 12:27:22,9694928,1,1,,,0,56,1,1,1,0
https://invest-monitoring.eu,1,2024-02-19 12:27:22,21798539,1,1,,,0,58,1,1,1,0
https://invest-tracing.com,1,2024-02-26 05:28:16,428711,0,0,200,0.771,1,102,0,1,1,1
https://investhere.net,1,2024-02-19 16:53:11,6375872,0,0,,,0,55,0,1,1,0
https://investmentmonitor.biz,1,2024-02-19 12:27:22,21798516,1,1,,,0,57,1,1,1,0
https://investor-find.biz,1,2024-02-19 12:27:22,378312,0,0,,,0,59,1,1,1,0
https://investorsonline.biz,1,2024-02-19 16:53:11,1721173,0,0,,,1,60,0,1,1,0
https://investspot.biz,1,2024-02-19 16:53:11,16523894,0,0,,,1,61,0,1,1,0
https://invmonitor.com,1,2024-02-19 16:53:11,21798557,1,1,,,1,62,0,1,1,0
https://keyhyip.com,1,2024-02-19 12:27:22,7253388,1,1,,,0,63,1,1,1,0
https://lifehyip.com,1,2024-02-19 16:53:11,7486596,1,1,,,1,64,0,1,1,0
https://luckymonitor.com,1,2024-02-19 16:53:11,18229424,0,0,,,1,65,0,1,1,0
https://makeindmoney.com,1,2024-02-19 12:27:22,7735010,0,0,,,0,66,1,1,1,0
https://moneymakermon.net,1,2024-02-19 12:27:22,1413942,0,0,,,0,67,1,1,1,0
https://monitoring-gold.com,1,2024-02-19 12:27:22,21787038,0,0,,,0,70,1,1,1,0
https://newhyips.info,1,2024-02-19 16:53:11,284869,0,0,,,1,71,0,1,1,0
https://pay4hyip.com,1,2024-02-19 12:27:22,4113876,1,1,,,0,72,1,1,1,0
https://paying-hyips.com,1,2024-02-19 12:27:22,13702948,0,0,,,0,73,1,1,1,0
https://pbhyips.info,1,2024-02-19 12:27:22,21580454,1,1,,,0,74,1,1,1,0
https://phyip.com,1,2024-02-19 16:53:11,3297380,0,0,,,1,75,0,1,1,0
https://richinvestmonitor.com,1,2024-02-19 12:27:22,10864006,0,0,,,0,78,1,1,1,0
https://royalmonitor.com,1,2024-02-19 16:53:11,8809897,1,1,,,1,79,0,1,1,0
https://skyhyip.com,1,2024-02-19 16:53:11,4079794,1,1,,,1,80,0,1,1,0
https://smilehyip.com,1,2024-02-19 12:27:22,3264571,1,1,,,0,81,1,1,1,0
https://trading-hyips.com,1,2024-02-19 12:27:22,1991794,1,1,,,0,82,1,1,1,0
https://trusthyip24.com,1,2024-02-19 16:53:11,3001913,1,1,,,1,84,0,1,1,0
https://trusthyips.com,1,2024-02-19 16:53:11,7448821,1,1,,,1,85,0,1,1,0
https://uhyips.com,1,2024-02-19 12:27:22,10804151,0,0,,,0,86,1,1,1,0
https://upayhyip.com,1,2024-02-19 12:27:22,1726007,1,1,,,0,87,1,1,1,0
https://usahyip.biz,1,2024-02-19 12:27:22,6343885,1,1,,,0,88,1,1,1,0
https://viphyip.net,1,2024-02-19 12:27:22,6180868,0,0,,,0,89,1,1,1,0
https://vn-invest.net,1,2024-02-19 12:27:22,21798582,0,0,,,0,90,1,1,1,0
https://www.asiahyip.com,1,2024-02-19 16:53:11,3775292,0,0,,,1,91,0,1,1,0
https://www.bakster.com,1,2024-02-19 12:27:22,12419711,1,1,,,0,92,1,1,1,0
https://www.hothyips.com,1,2024-02-19 12:27:22,15489971,0,0,,,0,94,1,1,1,0
https://www.hyip-cruiser.com,1,2024-02-19 12:27:22,1720847,1,1,,,0,95,1,1,1,0
https://www.hyipexplorer.com,1,2024-02-19 12:27:22,1915180,0,0,,,0,96,1,1,1,0
https://www.hyiphome.net,1,2024-02-24 16:19:33,1136712,1,1,200,63.077,0,97,1,1,1,1
https://www.hyipnews.com,1,2024-02-19 12:27:22,6808320,0,0,,,1,98,1,1,1,0
https://www.hyipsignal.com,1,2024-02-19 12:27:22,11285929,0,0,,,0,99,1,1,1,0
https://www.hyipwork.com,1,2024-02-19 12:27:22,6916298,0,0,,,0,101,1,1,1,0
https://www.list4hyip.com,1,2024-02-19 12:27:22,1179521,0,0,,,0,103,1,1,1,0
https://www.matrixhyip.com,1,2024-02-19 12:27:22,5140578,1,1,,,0,104,1,1,1,0
https://www.sqmonitor.com,1,2024-02-19 12:27:22,1725628,0,0,,,1,105,1,1,1,0
https://x-invest.net,1,2024-02-20 05:43:09,6184948,0,0,,,1,106,0,0,1,0
https://zedmonitor.com,1,2024-02-19 12:27:22,1329805,1,1,,,0,107,1,1,1,0
